00000000000000000000000000000000012
00000000000000000000000000000000112
00000000000000000000000000000001112
00000000000000000000000000000011112
00000000000000000000000000000111112
00000000000000000000000000001111112
00000000000000000000000000011111112
00000000000000000000000000111111112
00000000000000000000000001111111112
00000000000000000000000011111111112
00000000000000000000000111111111112
00000000000000000000001111111111112
00000000000000000000011111111111112
00000000000000000000111111111111112
00000000000000000001111111111111112
00000000000000000011111111111111112
00000000000000000111111111111111112
00000000000000001111111111111111112
00000000000000011111111111111111112
00000000000000111111111111111111112
00000000000001111111111111111111112
00000000000011111111111111111111112
00000000000111111111111111111111112
00000000001111111111111111111111112
00000000011111111111111111111111112
00000000111111111111111111111111112
00000001111111111111111111111111112
00000011111111111111111111111111112
00000111111111111111111111111111112
00001111111111111111111111111111112
00011111111111111111111111111111112
00111111111111111111111111111111112
01111111111111111111111111111111112
01111111111111111111111111111111122
01111111111111111111111111111111222
01111111111111111111111111111112222
01111111111111111111111111111122222
01111111111111111111111111111222222
01111111111111111111111111112222222
01111111111111111111111111122222222
01111111111111111111111111222222222
01111111111111111111111112222222222
01111111111111111111111122222222222
01111111111111111111111222222222222
01111111111111111111112222222222222
01111111111111111111122222222222222
01111111111111111111222222222222222
01111111111111111112222222222222222
01111111111111111122222222222222222
01111111111111111222222222222222222
01111111111111112222222222222222222
01111111111111122222222222222222222
01111111111111222222222222222222222
01111111111112222222222222222222222
01111111111122222222222222222222222
01111111111222222222222222222222222
01111111112222222222222222222222222
01111111122222222222222222222222222
01111111222222222222222222222222222
01111112222222222222222222222222222
01111122222222222222222222222222222
01111222222222222222222222222222222
01112222222222222222222222222222222
01122222222222222222222222222222222
01222222222222222222222222222222222
00111111111111111111111111111111122
00111111111111111111111111111111222
00111111111111111111111111111112222
00111111111111111111111111111122222
00111111111111111111111111111222222
00111111111111111111111111112222222
00111111111111111111111111122222222
00111111111111111111111111222222222
00111111111111111111111112222222222
00111111111111111111111122222222222
00111111111111111111111222222222222
00111111111111111111112222222222222
00111111111111111111122222222222222
00111111111111111111222222222222222
00111111111111111112222222222222222
00111111111111111122222222222222222
00111111111111111222222222222222222
00111111111111112222222222222222222
00111111111111122222222222222222222
00111111111111222222222222222222222
00111111111112222222222222222222222
00111111111122222222222222222222222
00111111111222222222222222222222222
00111111112222222222222222222222222
00111111122222222222222222222222222
00111111222222222222222222222222222
00111112222222222222222222222222222
00111122222222222222222222222222222
00111222222222222222222222222222222
00112222222222222222222222222222222
00122222222222222222222222222222222
00011111111111111111111111111111122
00011111111111111111111111111111222
00011111111111111111111111111112222
00011111111111111111111111111122222
00011111111111111111111111111222222
00011111111111111111111111112222222
00011111111111111111111111122222222
00011111111111111111111111222222222
00011111111111111111111112222222222
00011111111111111111111122222222222
00011111111111111111111222222222222
00011111111111111111112222222222222
00011111111111111111122222222222222
00011111111111111111222222222222222
00011111111111111112222222222222222
00011111111111111122222222222222222
00011111111111111222222222222222222
00011111111111112222222222222222222
00011111111111122222222222222222222
00011111111111222222222222222222222
00011111111112222222222222222222222
00011111111122222222222222222222222
00011111111222222222222222222222222
00011111112222222222222222222222222
00011111122222222222222222222222222
00011111222222222222222222222222222
00011112222222222222222222222222222
00011122222222222222222222222222222
00011222222222222222222222222222222
00012222222222222222222222222222222
00001111111111111111111111111111122
00001111111111111111111111111111222
00001111111111111111111111111112222
00001111111111111111111111111122222
00001111111111111111111111111222222
00001111111111111111111111112222222
00001111111111111111111111122222222
00001111111111111111111111222222222
00001111111111111111111112222222222
00001111111111111111111122222222222
00001111111111111111111222222222222
00001111111111111111112222222222222
00001111111111111111122222222222222
00001111111111111111222222222222222
00001111111111111112222222222222222
00001111111111111122222222222222222
00001111111111111222222222222222222
00001111111111112222222222222222222
00001111111111122222222222222222222
00001111111111222222222222222222222
00001111111112222222222222222222222
00001111111122222222222222222222222
00001111111222222222222222222222222
00001111112222222222222222222222222
00001111122222222222222222222222222
00001111222222222222222222222222222
00001112222222222222222222222222222
00001122222222222222222222222222222
00001222222222222222222222222222222
00000111111111111111111111111111122
00000111111111111111111111111111222
00000111111111111111111111111112222
00000111111111111111111111111122222
00000111111111111111111111111222222
00000111111111111111111111112222222
00000111111111111111111111122222222
00000111111111111111111111222222222
00000111111111111111111112222222222
00000111111111111111111122222222222
00000111111111111111111222222222222
00000111111111111111112222222222222
00000111111111111111122222222222222
00000111111111111111222222222222222
00000111111111111112222222222222222
00000111111111111122222222222222222
00000111111111111222222222222222222
00000111111111112222222222222222222
00000111111111122222222222222222222
00000111111111222222222222222222222
00000111111112222222222222222222222
00000111111122222222222222222222222
00000111111222222222222222222222222
00000111112222222222222222222222222
00000111122222222222222222222222222
00000111222222222222222222222222222
00000112222222222222222222222222222
00000122222222222222222222222222222
00000011111111111111111111111111122
00000011111111111111111111111111222
00000011111111111111111111111112222
00000011111111111111111111111122222
00000011111111111111111111111222222
00000011111111111111111111112222222
00000011111111111111111111122222222
00000011111111111111111111222222222
00000011111111111111111112222222222
00000011111111111111111122222222222
00000011111111111111111222222222222
00000011111111111111112222222222222
00000011111111111111122222222222222
00000011111111111111222222222222222
00000011111111111112222222222222222
00000011111111111122222222222222222
00000011111111111222222222222222222
00000011111111112222222222222222222
00000011111111122222222222222222222
00000011111111222222222222222222222
00000011111112222222222222222222222
00000011111122222222222222222222222
00000011111222222222222222222222222
00000011112222222222222222222222222
00000011122222222222222222222222222
00000011222222222222222222222222222
00000012222222222222222222222222222
00000001111111111111111111111111122
00000001111111111111111111111111222
00000001111111111111111111111112222
00000001111111111111111111111122222
00000001111111111111111111111222222
00000001111111111111111111112222222
00000001111111111111111111122222222
00000001111111111111111111222222222
00000001111111111111111112222222222
00000001111111111111111122222222222
00000001111111111111111222222222222
00000001111111111111112222222222222
00000001111111111111122222222222222
00000001111111111111222222222222222
00000001111111111112222222222222222
00000001111111111122222222222222222
00000001111111111222222222222222222
00000001111111112222222222222222222
00000001111111122222222222222222222
00000001111111222222222222222222222
00000001111112222222222222222222222
00000001111122222222222222222222222
00000001111222222222222222222222222
00000001112222222222222222222222222
00000001122222222222222222222222222
00000001222222222222222222222222222
00000000111111111111111111111111122
00000000111111111111111111111111222
00000000111111111111111111111112222
00000000111111111111111111111122222
00000000111111111111111111111222222
00000000111111111111111111112222222
00000000111111111111111111122222222
00000000111111111111111111222222222
00000000111111111111111112222222222
00000000111111111111111122222222222
00000000111111111111111222222222222
00000000111111111111112222222222222
00000000111111111111122222222222222
00000000111111111111222222222222222
00000000111111111112222222222222222
00000000111111111122222222222222222
00000000111111111222222222222222222
00000000111111112222222222222222222
00000000111111122222222222222222222
00000000111111222222222222222222222
00000000111112222222222222222222222
00000000111122222222222222222222222
00000000111222222222222222222222222
00000000112222222222222222222222222
00000000122222222222222222222222222
00000000011111111111111111111111122
00000000011111111111111111111111222
00000000011111111111111111111112222
00000000011111111111111111111122222
00000000011111111111111111111222222
00000000011111111111111111112222222
00000000011111111111111111122222222
00000000011111111111111111222222222
00000000011111111111111112222222222
00000000011111111111111122222222222
00000000011111111111111222222222222
00000000011111111111112222222222222
00000000011111111111122222222222222
00000000011111111111222222222222222
00000000011111111112222222222222222
00000000011111111122222222222222222
00000000011111111222222222222222222
00000000011111112222222222222222222
00000000011111122222222222222222222
00000000011111222222222222222222222
00000000011112222222222222222222222
00000000011122222222222222222222222
00000000011222222222222222222222222
00000000012222222222222222222222222
00000000001111111111111111111111122
00000000001111111111111111111111222
00000000001111111111111111111112222
00000000001111111111111111111122222
00000000001111111111111111111222222
00000000001111111111111111112222222
00000000001111111111111111122222222
00000000001111111111111111222222222
00000000001111111111111112222222222
00000000001111111111111122222222222
00000000001111111111111222222222222
00000000001111111111112222222222222
00000000001111111111122222222222222
00000000001111111111222222222222222
00000000001111111112222222222222222
00000000001111111122222222222222222
00000000001111111222222222222222222
00000000001111112222222222222222222
00000000001111122222222222222222222
00000000001111222222222222222222222
00000000001112222222222222222222222
00000000001122222222222222222222222
00000000001222222222222222222222222
00000000000111111111111111111111122
00000000000111111111111111111111222
00000000000111111111111111111112222
00000000000111111111111111111122222
00000000000111111111111111111222222
00000000000111111111111111112222222
00000000000111111111111111122222222
00000000000111111111111111222222222
00000000000111111111111112222222222
00000000000111111111111122222222222
00000000000111111111111222222222222
00000000000111111111112222222222222
00000000000111111111122222222222222
00000000000111111111222222222222222
00000000000111111112222222222222222
00000000000111111122222222222222222
00000000000111111222222222222222222
00000000000111112222222222222222222
00000000000111122222222222222222222
00000000000111222222222222222222222
00000000000112222222222222222222222
00000000000122222222222222222222222
00000000000011111111111111111111122
00000000000011111111111111111111222
00000000000011111111111111111112222
00000000000011111111111111111122222
00000000000011111111111111111222222
00000000000011111111111111112222222
00000000000011111111111111122222222
00000000000011111111111111222222222
00000000000011111111111112222222222
00000000000011111111111122222222222
00000000000011111111111222222222222
00000000000011111111112222222222222
00000000000011111111122222222222222
00000000000011111111222222222222222
00000000000011111112222222222222222
00000000000011111122222222222222222
00000000000011111222222222222222222
00000000000011112222222222222222222
00000000000011122222222222222222222
00000000000011222222222222222222222
00000000000012222222222222222222222
00000000000001111111111111111111122
00000000000001111111111111111111222
00000000000001111111111111111112222
00000000000001111111111111111122222
00000000000001111111111111111222222
00000000000001111111111111112222222
00000000000001111111111111122222222
00000000000001111111111111222222222
00000000000001111111111112222222222
00000000000001111111111122222222222
00000000000001111111111222222222222
00000000000001111111112222222222222
00000000000001111111122222222222222
00000000000001111111222222222222222
00000000000001111112222222222222222
00000000000001111122222222222222222
00000000000001111222222222222222222
00000000000001112222222222222222222
00000000000001122222222222222222222
00000000000001222222222222222222222
00000000000000111111111111111111122
00000000000000111111111111111111222
00000000000000111111111111111112222
00000000000000111111111111111122222
00000000000000111111111111111222222
00000000000000111111111111112222222
00000000000000111111111111122222222
00000000000000111111111111222222222
00000000000000111111111112222222222
00000000000000111111111122222222222
00000000000000111111111222222222222
00000000000000111111112222222222222
00000000000000111111122222222222222
00000000000000111111222222222222222
00000000000000111112222222222222222
00000000000000111122222222222222222
00000000000000111222222222222222222
00000000000000112222222222222222222
00000000000000122222222222222222222
00000000000000011111111111111111122
00000000000000011111111111111111222
00000000000000011111111111111112222
00000000000000011111111111111122222
00000000000000011111111111111222222
00000000000000011111111111112222222
00000000000000011111111111122222222
00000000000000011111111111222222222
00000000000000011111111112222222222
00000000000000011111111122222222222
00000000000000011111111222222222222
00000000000000011111112222222222222
00000000000000011111122222222222222
00000000000000011111222222222222222
00000000000000011112222222222222222
00000000000000011122222222222222222
00000000000000011222222222222222222
00000000000000012222222222222222222
00000000000000001111111111111111122
00000000000000001111111111111111222
00000000000000001111111111111112222
00000000000000001111111111111122222
00000000000000001111111111111222222
00000000000000001111111111112222222
00000000000000001111111111122222222
00000000000000001111111111222222222
00000000000000001111111112222222222
00000000000000001111111122222222222
00000000000000001111111222222222222
00000000000000001111112222222222222
00000000000000001111122222222222222
00000000000000001111222222222222222
00000000000000001112222222222222222
00000000000000001122222222222222222
00000000000000001222222222222222222
00000000000000000111111111111111122
00000000000000000111111111111111222
00000000000000000111111111111112222
00000000000000000111111111111122222
00000000000000000111111111111222222
00000000000000000111111111112222222
00000000000000000111111111122222222
00000000000000000111111111222222222
00000000000000000111111112222222222
00000000000000000111111122222222222
00000000000000000111111222222222222
00000000000000000111112222222222222
00000000000000000111122222222222222
00000000000000000111222222222222222
00000000000000000112222222222222222
00000000000000000122222222222222222
00000000000000000011111111111111122
00000000000000000011111111111111222
00000000000000000011111111111112222
00000000000000000011111111111122222
00000000000000000011111111111222222
00000000000000000011111111112222222
00000000000000000011111111122222222
00000000000000000011111111222222222
00000000000000000011111112222222222
00000000000000000011111122222222222
00000000000000000011111222222222222
00000000000000000011112222222222222
00000000000000000011122222222222222
00000000000000000011222222222222222
00000000000000000012222222222222222
00000000000000000001111111111111122
00000000000000000001111111111111222
00000000000000000001111111111112222
00000000000000000001111111111122222
00000000000000000001111111111222222
00000000000000000001111111112222222
00000000000000000001111111122222222
00000000000000000001111111222222222
00000000000000000001111112222222222
00000000000000000001111122222222222
00000000000000000001111222222222222
00000000000000000001112222222222222
00000000000000000001122222222222222
00000000000000000001222222222222222
00000000000000000000111111111111122
00000000000000000000111111111111222
00000000000000000000111111111112222
00000000000000000000111111111122222
00000000000000000000111111111222222
00000000000000000000111111112222222
00000000000000000000111111122222222
00000000000000000000111111222222222
00000000000000000000111112222222222
00000000000000000000111122222222222
00000000000000000000111222222222222
00000000000000000000112222222222222
00000000000000000000122222222222222
00000000000000000000011111111111122
00000000000000000000011111111111222
00000000000000000000011111111112222
00000000000000000000011111111122222
00000000000000000000011111111222222
00000000000000000000011111112222222
00000000000000000000011111122222222
00000000000000000000011111222222222
00000000000000000000011112222222222
00000000000000000000011122222222222
00000000000000000000011222222222222
00000000000000000000012222222222222
00000000000000000000001111111111122
00000000000000000000001111111111222
00000000000000000000001111111112222
00000000000000000000001111111122222
00000000000000000000001111111222222
00000000000000000000001111112222222
00000000000000000000001111122222222
00000000000000000000001111222222222
00000000000000000000001112222222222
00000000000000000000001122222222222
00000000000000000000001222222222222
00000000000000000000000111111111122
00000000000000000000000111111111222
00000000000000000000000111111112222
00000000000000000000000111111122222
00000000000000000000000111111222222
00000000000000000000000111112222222
00000000000000000000000111122222222
00000000000000000000000111222222222
00000000000000000000000112222222222
00000000000000000000000122222222222
00000000000000000000000011111111122
00000000000000000000000011111111222
00000000000000000000000011111112222
00000000000000000000000011111122222
00000000000000000000000011111222222
00000000000000000000000011112222222
00000000000000000000000011122222222
00000000000000000000000011222222222
00000000000000000000000012222222222
00000000000000000000000001111111122
00000000000000000000000001111111222
00000000000000000000000001111112222
00000000000000000000000001111122222
00000000000000000000000001111222222
00000000000000000000000001112222222
00000000000000000000000001122222222
00000000000000000000000001222222222
00000000000000000000000000111111122
00000000000000000000000000111111222
00000000000000000000000000111112222
00000000000000000000000000111122222
00000000000000000000000000111222222
00000000000000000000000000112222222
00000000000000000000000000122222222
00000000000000000000000000011111122
00000000000000000000000000011111222
00000000000000000000000000011112222
00000000000000000000000000011122222
00000000000000000000000000011222222
00000000000000000000000000012222222
00000000000000000000000000001111122
00000000000000000000000000001111222
00000000000000000000000000001112222
00000000000000000000000000001122222
00000000000000000000000000001222222
00000000000000000000000000000111122
00000000000000000000000000000111222
00000000000000000000000000000112222
00000000000000000000000000000122222
00000000000000000000000000000011122
00000000000000000000000000000011222
00000000000000000000000000000012222
00000000000000000000000000000001122
00000000000000000000000000000001222
00000000000000000000000000000000122
00000000000000000000000000000000112
00000000000000000000000000000000012